1 0.59609375 0.409375 0.0578125 0.09296875
1 0.528125 0.55625 0.0453125 0.0796875
1 0.59375 0.70234375 0.05546875 0.103125
1 0.34609375 0.5859375 0.0765625 0.08671875
1 0.41171875 0.61484375 0.04140625 0.046875
1 0.30625 0.728125 0.053125 0.04453125
1 0.26796875 0.74453125 0.0515625 0.0515625
1 0.20234375 0.628125 0.06796875 0.09375
1 0.13203125 0.53203125 0.04296875 0.040625
1 0.33203125 0.853125 0.05625 0.09296875
1 0.41640625 0.91875 0.05546875 0.04140625
1 0.25703125 0.8640625 0.071875 0.10859375
1 0.721875 0.634375 0.053125 0.0828125
1 0.8046875 0.61875 0.07734375 0.0734375
1 0.79140625 0.5359375 0.0953125 0.09375
1 0.74375 0.44375 0.06328125 0.09375
1 0.64296875 0.34375 0.0875 0.07109375
1 0.559375 0.3203125 0.06484375 0.09765625
1 0.41796875 0.26875 0.06484375 0.07734375
1 0.3171875 0.35859375 0.0578125 0.07421875
1 0.2390625 0.2203125 0.05078125 0.10078125
1 0.27890625 0.17109375 0.05390625 0.0984375
1 0.346875 0.22578125 0.0625 0.065625