1 0.72265625 0.625 0.0828125 0.10703125
1 0.63046875 0.52734375 0.08515625 0.08125
1 0.4859375 0.6046875 0.07421875 0.08828125
1 0.40078125 0.51171875 0.06640625 0.1046875
1 0.47890625 0.3015625 0.0875 0.07734375
1 0.45 0.34296875 0.08359375 0.075
1 0.74921875 0.39375 0.08203125 0.11640625
1 0.79453125 0.478125 0.07421875 0.10234375
1 0.8390625 0.42265625 0.059375 0.10078125
1 0.9 0.43984375 0.0703125 0.071875
1 0.8703125 0.55390625 0.04296875 0.09375
1 0.93984375 0.60078125 0.06796875 0.1265625
1 0.521875 0.7734375 0.07578125 0.1078125
1 0.296875 0.59609375 0.0640625 0.103125